3
5
7
7
10
11
13
14
15
18
20
21
23
24
25
27
29
30
31
33
35
36
37
39
40
41
43
45
45
47
48
49
51
52
54
54
56
57
58
60
61
61
63
65
66
67
69
69
70
71
72
74
75
77
77
79
79
79
81
83
84
85
85
86
88
90
91
91
93
93
94
95
95
97
98
99
100
101
102
103
103
105
105
107
107
109
109
110
111
111
113
113
115
115
117
117
118
119
119
120
121
122
123
124
125
125
125
127
127
128
129
129
131
131
132
133
134
135
135
136
136
137
138
139
139
141
141
141
142
143
144
145
145
146
145
147
147
148
148
150
150
150
151
151
153
153
153
154
155
155
156
157
157
158
158
159
160
160
160
161
161
162
163
163
163
164
164
165
166
167
166
168
167
168
169
170
171
171
171
171
171
172
173
173
173
174
174
175
175
175
176
177
178
178
179
179
179
180
180
181
181
181
181
182
182
183
183
184
184
185
185
185
185
186
186
187
187
188
189
188
188
189
189
190
190
191
191
191
191
191
191
192
193
193
193
194
195
195
195
195
195
196
196
197
197
197
197
197
198
197
198
198
199
199
200
200
200
201
201
201
201
202
202
203
203
203
203
204
203
204
205
205
205
205
205
205
206
205
206
206
207
207
207
207
208
208
208
209
209
209
209
209
210
210
210
210
211
211
211
211
211
212
212
211
212
213
213
213
213
213
213
213
214
214
215
214
215
215
215
215
215
216
216
216
217
216
217
217
217
217
217
217
217
217
218
218
219
219
219
219
219
219
219
219
220
219
220
220
220
220
222
221
221
221
221
222
222
222
222
222
222
222
223
222
223
223
223
222
223
223
224
224
224
224
223
224
224
224
225
224
224
225
225
226
225
226
225
226
226
226
226
227
227
226
227
227
227
227
227
227
227
227
228
227
228
228
227
228
229
227
229
229
229
229
229
229
229
229
229
229
230
229
230
230
230
230
229
230
230
230
231
231
230
231
230
231
231
231
231
232
231
231
231
232
232
232
232
232
232
232
232
232
232
232
232
232
232
232
234
233
233
233
233
233
233
233
233
234
233
234
234
233
233
234
234
234
236
233
235
234
234
234
234
235
234
235
235
235
235
234
235
235
235
235
236
235
236
235
235
235
235
236
236
235
236
235
237
235
236
235
237
236
236
236
236
237
237
236
237
236
236
237
236
237
237
237
237
237
237
237
237
237
237
237
236
237
237
238
237
237
238
237
237
238
238
239
237
238
237
238
238
238
238
239
238
238
238
238
238
239
238
238
239
239
239
239
239
239
239
239
239
239
239
239
239
238
239
240
239
239
239
239
239
239
239
239
239
239
240
239
239
240
240
240
239
240
239
240
240
239
239
239
240
240
240
239
240
240
239
239
239
241
240
240
240
240
240
240
240
240
239
241
240
241
240
240
241
241
241
241
240
241
241
241
241
241
241
242
240
237
236
235
232
232
230
228
228
225
224
222
221
220
218
217
216
214
212
211
210
208
207
205
205
203
201
200
198
198
196
195
194
192
192
189
189
188
188
185
184
183
181
180
179
178
176
176
175
173
172
172
170
169
168
167
166
164
164
163
162
160
160
159
156
156
155
155
154
152
151
151
150
148
147
147
145
145
144
143
142
140
140
140
139
138
137
136
135
134
133
132
131
130
129
129
128
128
126
125
125
124
123
122
121
121
120
119
118
117
117
117
115
114
113
112
112
111
111
110
110
109
108
108
106
106
105
105
104
104
103
102
101
100
100
99
99
98
97
97
96
96
95
95
93
93
93
92
91
91
90
89
90
89
88
88
86
86
85
85
85
85
83
83
83
82
81
82
80
80
80
80
78
78
77
77
77
76
75
75
74
74
73
73
72
72
72
71
71
70
70
71
70
68
68
68
67
67
67
66
66
65
65
64
64
64
64
63
63
61
61
61
61
61
60
60
59
59
58
58
57
57
57
57
57
55
56
55
55
55
54
54
54
53
53
53
52
52
51
51
51
51
50
50
50
49
49
49
48
48
48
47
47
47
46
46
45
45
45
45
45
45
44
43
43
44
43
43
43
43
42
42
42
41
41
41
41
41
40
40
39
40
39
39
39
38
38
38
38
37
36
37
36
36
35
36
36
35
35
36
35
35
35
34
35
33
33
33
33
33
33
33
32
32
32
32
31
32
31
30
30
31
30
30
30
30
29
30
29
29
29
28
29
28
28
28
28
28
27
27
27
26
26
26
26
26
25
26
25
26
25
25
25
25
25
24
24
25
24
23
24
23
24
24
23
23
23
22
23
22
22
22
22
22
21
22
22
21
21
21
21
21
21
20
20
21
20
20
20
20
20
21
20
20
19
19
19
18
19
19
18
19
19
18
18
17
18
18
17
17
17
17
17
17
17
16
17
16
16
16
17
17
16
15
17
16
15
15
15
15
16
15
15
15
15
15
15
15
14
14
14
14
14
13
13
14
13
14
14
13
14
14
14
13
13
13
13
13
12
13
12
13
12
13
12
13
12
12
12
12
12
11
12
12
11
11
11
11
11
11
11
11
11
11
11
11
11
10
10
10
10
11
10
10
10
11
11
10
10
10
10
10
10
10
10
9
9
9
9
9
9
9
9
9
9
8
9
9
9
9
8
9
8
9
9
9
9
9
9
9
8
8
8
8
7
8
8
8
8
9
7
8
7
8
8
8
7
7
7
7
8
6
8
7
7
8
7
7
7
7
7
7
7
7
7
7
7
6
6
7
6
7
6
6
6
6
7
7
7
7
6
6
6
6
6
5
